2.131100
2.452000
2.100100
1.982000
2.458900
1.761500
1.882800
2.744300
2.756900
4.997200
3.135700
5.089300
2.920300
2.927000
4.086300
4.135900
2.834800
2.400000
2.785500
2.346100
1.973600
2.536200
8.740900
9.005700
6.265500
8.751000
10.971700
8.314500
13.966300
11.889100
12.423300
9.085900
17.017700
16.413800
17.094400
16.373300
13.211300
21.856500
19.443700
21.059800
15.045800
23.228400
41.235900
37.428300
28.323000
29.597100
41.291800
34.756100
54.290000
32.527300
37.872900
43.283800
91.384500
122.515000
118.937300
121.437600
148.411900
140.355000
144.394700
178.358800
142.055200
136.429200