4.2 512 0.451497
4.3 516 1.075308
4.4 495 0.395713
4.5 512 6.949746
4.6 560 0.530491
4.7 432 0.225242
4.8 493 0.233713
4.9 644 1.146622
5.1 253 0.500473
5.2 303 5.484255
5.3 228 0.896965
5.4 242 0.216367
5.5 211 0.475414
5.6 213 0.204433
5.7 293 0.350760
5.8 288 0.426683
5.9 280 0.136549
6.1 138 1.019249
6.2 147 0.048758
6.3 145 1.225852
6.4 131 0.050223
6.5 161 0.683633
A.1 255 1.172402
A.2 252 6.013274
A.3 233 3.834880
A.4 235 1.042529
A.5 236 1.570676
B.1 70 0.397307
B.2 76 0.755378
B.3 80 0.211091
B.4 79 2.996274
B.5 72 0.397750
C.1 229 3.312146
C.2 220 7.461817
C.3 244 6.505099
C.4 219 2.642760
C.5 215 7.247264
D.1 61 1.384625
D.2 67 1.392966
D.3 72 7.281437
D.4 63 0.361111
D.5 61 0.727697
NRE.1 29 3.295446
NRE.2 31 2.095659
NRE.3 27 6.826854
NRE.4 28 7.568846
NRE.5 28 3.662594
NRF.1 15 1.997688
NRF.2 16 0.910947
NRF.3 15 2.152418
NRF.4 14 7.549839
NRF.5 14 10.215622
NRG.1 185 6.750534
NRG.2 160 8.221155
NRG.3 175 10.521039
NRG.4 175 9.842498
NRG.5 174 10.591533
NRH.1 66 12.067452
NRH.2 67 7.957263
NRH.3 66 8.192407
NRH.4 63 8.244487
NRH.5 59 9.232714
